 2.2222222e-01 6.2500000e-01 6.7796610e-02 4.1666667e-02 1
 1.6666667e-01 4.1666667e-01 6.7796610e-02 4.1666667e-02 1
 1.1111111e-01 5.0000000e-01 5.0847458e-02 4.1666667e-02 1
 8.3333333e-02 4.5833333e-01 8.4745763e-02 4.1666667e-02 1
 1.9444444e-01 6.6666667e-01 6.7796610e-02 4.1666667e-02 1
 3.0555556e-01 7.9166667e-01 1.1864407e-01 1.2500000e-01 1
 8.3333333e-02 5.8333333e-01 6.7796610e-02 8.3333333e-02 1
 1.9444444e-01 5.8333333e-01 8.4745763e-02 4.1666667e-02 1
 2.7777778e-02 3.7500000e-01 6.7796610e-02 4.1666667e-02 1
 1.6666667e-01 4.5833333e-01 8.4745763e-02 0.0000000e+00 1
 3.0555556e-01 7.0833333e-01 8.4745763e-02 4.1666667e-02 1
 1.3888889e-01 5.8333333e-01 1.0169492e-01 4.1666667e-02 1
 1.3888889e-01 4.1666667e-01 6.7796610e-02 0.0000000e+00 1
 0.0000000e+00 4.1666667e-01 1.6949153e-02 0.0000000e+00 1
 4.1666667e-01 8.3333333e-01 3.3898305e-02 4.1666667e-02 1
 3.8888889e-01 1.0000000e+00 8.4745763e-02 1.2500000e-01 1
 3.0555556e-01 7.9166667e-01 5.0847458e-02 1.2500000e-01 1
 2.2222222e-01 6.2500000e-01 6.7796610e-02 8.3333333e-02 1
 3.8888889e-01 7.5000000e-01 1.1864407e-01 8.3333333e-02 1
 2.2222222e-01 7.5000000e-01 8.4745763e-02 8.3333333e-02 1
 3.0555556e-01 5.8333333e-01 1.1864407e-01 4.1666667e-02 1
 2.2222222e-01 7.0833333e-01 8.4745763e-02 1.2500000e-01 1
 8.3333333e-02 6.6666667e-01 0.0000000e+00 4.1666667e-02 1
 2.2222222e-01 5.4166667e-01 1.1864407e-01 1.6666667e-01 1
 1.3888889e-01 5.8333333e-01 1.5254237e-01 4.1666667e-02 1
 1.9444444e-01 4.1666667e-01 1.0169492e-01 4.1666667e-02 1
 1.9444444e-01 5.8333333e-01 1.0169492e-01 1.2500000e-01 1
 2.5000000e-01 6.2500000e-01 8.4745763e-02 4.1666667e-02 1
 2.5000000e-01 5.8333333e-01 6.7796610e-02 4.1666667e-02 1
 1.1111111e-01 5.0000000e-01 1.0169492e-01 4.1666667e-02 1
 1.3888889e-01 4.5833333e-01 1.0169492e-01 4.1666667e-02 1
 3.0555556e-01 5.8333333e-01 8.4745763e-02 1.2500000e-01 1
 2.5000000e-01 8.7500000e-01 8.4745763e-02 0.0000000e+00 1
 3.3333333e-01 9.1666667e-01 6.7796610e-02 4.1666667e-02 1
 1.6666667e-01 4.5833333e-01 8.4745763e-02 4.1666667e-02 1
 1.9444444e-01 5.0000000e-01 3.3898305e-02 4.1666667e-02 1
 3.3333333e-01 6.2500000e-01 5.0847458e-02 4.1666667e-02 1
 1.6666667e-01 6.6666667e-01 6.7796610e-02 0.0000000e+00 1
 2.7777778e-02 4.1666667e-01 5.0847458e-02 4.1666667e-02 1
 2.2222222e-01 5.8333333e-01 8.4745763e-02 4.1666667e-02 1
 1.9444444e-01 6.2500000e-01 5.0847458e-02 8.3333333e-02 1
 5.5555556e-02 1.2500000e-01 5.0847458e-02 8.3333333e-02 1
 2.7777778e-02 5.0000000e-01 5.0847458e-02 4.1666667e-02 1
 1.9444444e-01 6.2500000e-01 1.0169492e-01 2.0833333e-01 1
 2.2222222e-01 7.5000000e-01 1.5254237e-01 1.2500000e-01 1
 1.3888889e-01 4.1666667e-01 6.7796610e-02 8.3333333e-02 1
 2.2222222e-01 7.5000000e-01 1.0169492e-01 4.1666667e-02 1
 8.3333333e-02 5.0000000e-01 6.7796610e-02 4.1666667e-02 1
 2.7777778e-01 7.0833333e-01 8.4745763e-02 4.1666667e-02 1
 1.9444444e-01 5.4166667e-01 6.7796610e-02 4.1666667e-02 1
 7.5000000e-01 5.0000000e-01 6.2711864e-01 5.4166667e-01 2
 5.8333333e-01 5.0000000e-01 5.9322034e-01 5.8333333e-01 2
 7.2222222e-01 4.5833333e-01 6.6101695e-01 5.8333333e-01 2
 3.3333333e-01 1.2500000e-01 5.0847458e-01 5.0000000e-01 2
 6.1111111e-01 3.3333333e-01 6.1016949e-01 5.8333333e-01 2
 3.8888889e-01 3.3333333e-01 5.9322034e-01 5.0000000e-01 2
 5.5555556e-01 5.4166667e-01 6.2711864e-01 6.2500000e-01 2
 1.6666667e-01 1.6666667e-01 3.8983051e-01 3.7500000e-01 2
 6.3888889e-01 3.7500000e-01 6.1016949e-01 5.0000000e-01 2
 2.5000000e-01 2.9166667e-01 4.9152542e-01 5.4166667e-01 2
 1.9444444e-01 0.0000000e+00 4.2372881e-01 3.7500000e-01 2
 4.4444444e-01 4.1666667e-01 5.4237288e-01 5.8333333e-01 2
 4.7222222e-01 8.3333333e-02 5.0847458e-01 3.7500000e-01 2
 5.0000000e-01 3.7500000e-01 6.2711864e-01 5.4166667e-01 2
 3.6111111e-01 3.7500000e-01 4.4067797e-01 5.0000000e-01 2
 6.6666667e-01 4.5833333e-01 5.7627119e-01 5.4166667e-01 2
 3.6111111e-01 4.1666667e-01 5.9322034e-01 5.8333333e-01 2
 4.1666667e-01 2.9166667e-01 5.2542373e-01 3.7500000e-01 2
 5.2777778e-01 8.3333333e-02 5.9322034e-01 5.8333333e-01 2
 3.6111111e-01 2.0833333e-01 4.9152542e-01 4.1666667e-01 2
 4.4444444e-01 5.0000000e-01 6.4406780e-01 7.0833333e-01 2
 5.0000000e-01 3.3333333e-01 5.0847458e-01 5.0000000e-01 2
 5.5555556e-01 2.0833333e-01 6.6101695e-01 5.8333333e-01 2
 5.0000000e-01 3.3333333e-01 6.2711864e-01 4.5833333e-01 2
 5.8333333e-01 3.7500000e-01 5.5932203e-01 5.0000000e-01 2
 6.3888889e-01 4.1666667e-01 5.7627119e-01 5.4166667e-01 2
 6.9444444e-01 3.3333333e-01 6.4406780e-01 5.4166667e-01 2
 6.6666667e-01 4.1666667e-01 6.7796610e-01 6.6666667e-01 2
 4.7222222e-01 3.7500000e-01 5.9322034e-01 5.8333333e-01 2
 3.8888889e-01 2.5000000e-01 4.2372881e-01 3.7500000e-01 2
 3.3333333e-01 1.6666667e-01 4.7457627e-01 4.1666667e-01 2
 3.3333333e-01 1.6666667e-01 4.5762712e-01 3.7500000e-01 2
 4.1666667e-01 2.9166667e-01 4.9152542e-01 4.5833333e-01 2
 4.7222222e-01 2.9166667e-01 6.9491525e-01 6.2500000e-01 2
 3.0555556e-01 4.1666667e-01 5.9322034e-01 5.8333333e-01 2
 4.7222222e-01 5.8333333e-01 5.9322034e-01 6.2500000e-01 2
 6.6666667e-01 4.5833333e-01 6.2711864e-01 5.8333333e-01 2
 5.5555556e-01 1.2500000e-01 5.7627119e-01 5.0000000e-01 2
 3.6111111e-01 4.1666667e-01 5.2542373e-01 5.0000000e-01 2
 3.3333333e-01 2.0833333e-01 5.0847458e-01 5.0000000e-01 2
 3.3333333e-01 2.5000000e-01 5.7627119e-01 4.5833333e-01 2
 5.0000000e-01 4.1666667e-01 6.1016949e-01 5.4166667e-01 2
 4.1666667e-01 2.5000000e-01 5.0847458e-01 4.5833333e-01 2
 1.9444444e-01 1.2500000e-01 3.8983051e-01 3.7500000e-01 2
 3.6111111e-01 2.9166667e-01 5.4237288e-01 5.0000000e-01 2
 3.8888889e-01 4.1666667e-01 5.4237288e-01 4.5833333e-01 2
 3.8888889e-01 3.7500000e-01 5.4237288e-01 5.0000000e-01 2
 5.2777778e-01 3.7500000e-01 5.5932203e-01 5.0000000e-01 2
 2.2222222e-01 2.0833333e-01 3.3898305e-01 4.1666667e-01 2
 3.8888889e-01 3.3333333e-01 5.2542373e-01 5.0000000e-01 2
 5.5555556e-01 5.4166667e-01 8.4745763e-01 1.0000000e+00 3
 4.1666667e-01 2.9166667e-01 6.9491525e-01 7.5000000e-01 3
 7.7777778e-01 4.1666667e-01 8.3050847e-01 8.3333333e-01 3
 5.5555556e-01 3.7500000e-01 7.7966102e-01 7.0833333e-01 3
 6.1111111e-01 4.1666667e-01 8.1355932e-01 8.7500000e-01 3
 9.1666667e-01 4.1666667e-01 9.4915254e-01 8.3333333e-01 3
 1.6666667e-01 2.0833333e-01 5.9322034e-01 6.6666667e-01 3
 8.3333333e-01 3.7500000e-01 8.9830508e-01 7.0833333e-01 3
 6.6666667e-01 2.0833333e-01 8.1355932e-01 7.0833333e-01 3
 8.0555556e-01 6.6666667e-01 8.6440678e-01 1.0000000e+00 3
 6.1111111e-01 5.0000000e-01 6.9491525e-01 7.9166667e-01 3
 5.8333333e-01 2.9166667e-01 7.2881356e-01 7.5000000e-01 3
 6.9444444e-01 4.1666667e-01 7.6271186e-01 8.3333333e-01 3
 3.8888889e-01 2.0833333e-01 6.7796610e-01 7.9166667e-01 3
 4.1666667e-01 3.3333333e-01 6.9491525e-01 9.5833333e-01 3
 5.8333333e-01 5.0000000e-01 7.2881356e-01 9.1666667e-01 3
 6.1111111e-01 4.1666667e-01 7.6271186e-01 7.0833333e-01 3
 9.4444444e-01 7.5000000e-01 9.6610169e-01 8.7500000e-01 3
 9.4444444e-01 2.5000000e-01 1.0000000e+00 9.1666667e-01 3
 4.7222222e-01 8.3333333e-02 6.7796610e-01 5.8333333e-01 3
 7.2222222e-01 5.0000000e-01 7.9661017e-01 9.1666667e-01 3
 3.6111111e-01 3.3333333e-01 6.6101695e-01 7.9166667e-01 3
 9.4444444e-01 3.3333333e-01 9.6610169e-01 7.9166667e-01 3
 5.5555556e-01 2.9166667e-01 6.6101695e-01 7.0833333e-01 3
 6.6666667e-01 5.4166667e-01 7.9661017e-01 8.3333333e-01 3
 8.0555556e-01 5.0000000e-01 8.4745763e-01 7.0833333e-01 3
 5.2777778e-01 3.3333333e-01 6.4406780e-01 7.0833333e-01 3
 5.0000000e-01 4.1666667e-01 6.6101695e-01 7.0833333e-01 3
 5.8333333e-01 3.3333333e-01 7.7966102e-01 8.3333333e-01 3
 8.0555556e-01 4.1666667e-01 8.1355932e-01 6.2500000e-01 3
 8.6111111e-01 3.3333333e-01 8.6440678e-01 7.5000000e-01 3
 1.0000000e+00 7.5000000e-01 9.1525424e-01 7.9166667e-01 3
 5.8333333e-01 3.3333333e-01 7.7966102e-01 8.7500000e-01 3
 5.5555556e-01 3.3333333e-01 6.9491525e-01 5.8333333e-01 3
 5.0000000e-01 2.5000000e-01 7.7966102e-01 5.4166667e-01 3
 9.4444444e-01 4.1666667e-01 8.6440678e-01 9.1666667e-01 3
 5.5555556e-01 5.8333333e-01 7.7966102e-01 9.5833333e-01 3
 5.8333333e-01 4.5833333e-01 7.6271186e-01 7.0833333e-01 3
 4.7222222e-01 4.1666667e-01 6.4406780e-01 7.0833333e-01 3
 7.2222222e-01 4.5833333e-01 7.4576271e-01 8.3333333e-01 3
 6.6666667e-01 4.5833333e-01 7.7966102e-01 9.5833333e-01 3
 7.2222222e-01 4.5833333e-01 6.9491525e-01 9.1666667e-01 3
 4.1666667e-01 2.9166667e-01 6.9491525e-01 7.5000000e-01 3
 6.9444444e-01 5.0000000e-01 8.3050847e-01 9.1666667e-01 3
 6.6666667e-01 5.4166667e-01 7.9661017e-01 1.0000000e+00 3
 6.6666667e-01 4.1666667e-01 7.1186441e-01 9.1666667e-01 3
 5.5555556e-01 2.0833333e-01 6.7796610e-01 7.5000000e-01 3
 6.1111111e-01 4.1666667e-01 7.1186441e-01 7.9166667e-01 3
 5.2777778e-01 5.8333333e-01 7.4576271e-01 9.1666667e-01 3
 4.4444444e-01 4.1666667e-01 6.9491525e-01 7.0833333e-01 3