 8.4210526e-01 1.9169960e-01 5.7219251e-01 2.5773196e-01 6.1956522e-01 6.2758621e-01 5.7383966e-01 2.8301887e-01 5.9305994e-01 3.7201365e-01 4.5528455e-01 9.7069597e-01 5.6134094e-01 1
 5.7105263e-01 2.0553360e-01 4.1711230e-01 3.0927835e-02 3.2608696e-01 5.7586207e-01 5.1054852e-01 2.4528302e-01 2.7444795e-01 2.6450512e-01 4.6341463e-01 7.8021978e-01 5.5064194e-01 1
 5.6052632e-01 3.2015810e-01 7.0053476e-01 4.1237113e-01 3.3695652e-01 6.2758621e-01 6.1181435e-01 3.2075472e-01 7.5709779e-01 3.7542662e-01 4.4715447e-01 6.9597070e-01 6.4693295e-01 1
 8.7894737e-01 2.3913043e-01 6.0962567e-01 3.1958763e-01 4.6739130e-01 9.8965517e-01 6.6455696e-01 2.0754717e-01 5.5835962e-01 5.5631399e-01 3.0894309e-01 7.9853480e-01 8.5734665e-01 1
 5.8157895e-01 3.6561265e-01 8.0748663e-01 5.3608247e-01 5.2173913e-01 6.2758621e-01 4.9578059e-01 4.9056604e-01 4.4479495e-01 2.5938567e-01 4.5528455e-01 6.0805861e-01 3.2596291e-01 1
 8.3421053e-01 2.0158103e-01 5.8288770e-01 2.3711340e-01 4.5652174e-01 7.8965517e-01 6.4345992e-01 3.9622642e-01 4.9211356e-01 4.6672355e-01 4.6341463e-01 5.7875458e-01 8.3594864e-01 1
 8.8421053e-01 2.2332016e-01 5.8288770e-01 2.0618557e-01 2.8260870e-01 5.2413793e-01 4.5991561e-01 3.2075472e-01 4.9526814e-01 3.3873720e-01 4.3902439e-01 8.4615385e-01 7.2182596e-01 1
 7.9736842e-01 2.7865613e-01 6.6844920e-01 3.6082474e-01 5.5434783e-01 5.5862069e-01 4.5780591e-01 3.3962264e-01 2.6498423e-01 3.2167235e-01 4.7154472e-01 8.4615385e-01 7.2539230e-01 1
 1.0000000e+00 1.7786561e-01 4.3315508e-01 1.7525773e-01 2.9347826e-01 6.2758621e-01 5.5696203e-01 3.0188679e-01 4.9526814e-01 3.3447099e-01 4.8780488e-01 5.7875458e-01 5.4707561e-01 1
 7.4473684e-01 1.2055336e-01 4.8663102e-01 2.7835052e-01 3.0434783e-01 6.8965517e-01 5.9282700e-01 1.6981132e-01 4.5425868e-01 5.0682594e-01 4.3089431e-01 8.3516484e-01 5.4707561e-01 1
 8.0789474e-01 2.8063241e-01 5.0267380e-01 3.8144330e-01 3.8043478e-01 6.7931034e-01 6.2869198e-01 1.6981132e-01 6.2145110e-01 3.8139932e-01 6.2601626e-01 6.9597070e-01 8.7874465e-01 1
 8.1315789e-01 1.4624506e-01 5.1336898e-01 3.1958763e-01 2.7173913e-01 4.2068966e-01 4.4092827e-01 2.4528302e-01 3.6593060e-01 3.1740614e-01 5.6097561e-01 5.6776557e-01 7.1469330e-01 1
 7.1578947e-01 1.9565217e-01 5.6149733e-01 2.7835052e-01 2.0652174e-01 5.5862069e-01 5.1054852e-01 3.0188679e-01 4.4164038e-01 3.6860068e-01 5.4471545e-01 5.9706960e-01 7.4322397e-01 1
 9.7894737e-01 1.9565217e-01 5.5080214e-01 4.1237113e-02 2.2826087e-01 7.3103448e-01 7.0675105e-01 5.6603774e-01 7.5709779e-01 3.5153584e-01 6.2601626e-01 5.3479853e-01 6.2196862e-01 1
 8.8157895e-01 2.2332016e-01 5.4545455e-01 7.2164948e-02 3.4782609e-01 8.0000000e-01 6.9620253e-01 3.0188679e-01 8.0441640e-01 5.3071672e-01 5.8536585e-01 6.3369963e-01 9.0513552e-01 1
 6.8421053e-01 2.1146245e-01 7.1657754e-01 3.4020619e-01 4.5652174e-01 6.4482759e-01 5.4219409e-01 3.2075472e-01 3.3123028e-01 5.1365188e-01 6.5040650e-01 5.8974359e-01 7.3609130e-01 1
 8.6052632e-01 2.3320158e-01 7.2727273e-01 4.8453608e-01 5.4347826e-01 6.2758621e-01 5.9071730e-01 3.7735849e-01 4.9211356e-01 4.1979522e-01 4.7967480e-01 5.0549451e-01 7.1469330e-01 1
 7.3684211e-01 1.6403162e-01 6.7379679e-01 4.8453608e-01 4.8913043e-01 6.7931034e-01 6.4556962e-01 5.0943396e-01 4.1324921e-01 4.5392491e-01 5.2845528e-01 4.7619048e-01 6.0770328e-01 1
 8.3157895e-01 1.6798419e-01 5.9893048e-01 3.0412371e-01 4.1304348e-01 8.0000000e-01 7.5738397e-01 3.5849057e-01 4.5741325e-01 6.3310580e-01 6.0975610e-01 5.6776557e-01 1.0000000e+00 1
 6.8684211e-01 4.6640316e-01 6.4171123e-01 2.3711340e-01 5.0000000e-01 5.9310345e-01 5.6751055e-01 7.5471698e-02 3.9432177e-01 3.2593857e-01 3.9024390e-01 7.6556777e-01 4.0442225e-01 1
 7.9736842e-01 1.7588933e-01 4.9197861e-01 2.7835052e-01 6.0869565e-01 6.9655172e-01 5.9704641e-01 2.0754717e-01 5.3312303e-01 3.7286689e-01 4.9593496e-01 8.9377289e-01 3.5805991e-01 1
 5.0000000e-01 6.0474308e-01 6.8983957e-01 4.1237113e-01 3.4782609e-01 4.9310345e-01 4.3670886e-01 2.2641509e-01 4.9526814e-01 2.7474403e-01 4.4715447e-01 8.2417582e-01 3.5092725e-01 1
 7.0526316e-01 2.2134387e-01 5.3475936e-01 3.0927835e-01 3.3695652e-01 5.6206897e-01 5.3586498e-01 2.6415094e-01 4.0378549e-01 2.1501706e-01 5.1219512e-01 1.0000000e+00 5.3994294e-01 1
 4.7894737e-01 1.6996047e-01 6.2032086e-01 3.7113402e-01 2.7173913e-01 5.1724138e-01 4.2827004e-01 2.4528302e-01 3.3123028e-01 2.2610922e-01 4.9593496e-01 8.6446886e-01 5.2567760e-01 1
 6.5000000e-01 2.1146245e-01 6.6844920e-01 4.8453608e-01 2.8260870e-01 5.3448276e-01 4.7890295e-01 2.8301887e-01 3.9432177e-01 1.9112628e-01 5.2032520e-01 9.3406593e-01 4.0442225e-01 1
 5.3157895e-01 2.5889328e-01 9.9465241e-01 7.4226804e-01 5.8695652e-01 5.6896552e-01 4.9367089e-01 6.4150943e-01 4.7634069e-01 1.9624573e-01 5.2845528e-01 7.0695971e-01 3.9372325e-01 1
 6.2105263e-01 2.0355731e-01 6.7379679e-01 2.8350515e-01 2.5000000e-01 6.4482759e-01 5.4852321e-01 3.9622642e-01 3.2807571e-01 3.0034130e-01 3.5772358e-01 7.1428571e-01 6.5406562e-01 1
 5.9736842e-01 1.9367589e-01 4.1711230e-01 3.2989691e-01 2.6086957e-01 4.8965517e-01 3.9029536e-01 2.6415094e-01 2.9652997e-01 2.2781570e-01 4.3902439e-01 5.4945055e-01 7.1825963e-01 1
 7.4736842e-01 2.2924901e-01 7.7005348e-01 4.5360825e-01 4.0217391e-01 6.7931034e-01 5.5485232e-01 4.5283019e-01 4.2586751e-01 2.7474403e-01 6.2601626e-01 7.8021978e-01 4.5435093e-01 1
 7.8684211e-01 1.8577075e-01 4.5454545e-01 2.7835052e-01 2.8260870e-01 5.7586207e-01 4.1983122e-01 2.4528302e-01 4.9526814e-01 2.9180887e-01 4.5528455e-01 8.4981685e-01 5.3994294e-01 1
 7.1052632e-01 1.5019763e-01 7.1657754e-01 6.1340206e-01 3.3695652e-01 6.9655172e-01 6.1392405e-01 3.0188679e-01 6.2145110e-01 3.7713311e-01 5.7723577e-01 5.2747253e-01 7.1825963e-01 1
 6.7105263e-01 1.8181818e-01 5.3475936e-01 4.3814433e-01 3.9130435e-01 6.4827586e-01 6.0126582e-01 1.6981132e-01 4.8580442e-01 4.7952218e-01 4.9593496e-01 5.8974359e-01 8.8231098e-01 1
 6.9736842e-01 2.1541502e-01 5.3475936e-01 3.4020619e-01 3.6956522e-01 4.9655172e-01 4.9578059e-01 5.4716981e-01 4.9211356e-01 2.1843003e-01 6.0975610e-01 5.8608059e-01 5.0784593e-01 1
 7.1842105e-01 1.5612648e-01 7.1657754e-01 4.5876289e-01 6.7391304e-01 6.7931034e-01 5.0632911e-01 6.9811321e-01 2.9652997e-01 3.5153584e-01 6.2601626e-01 6.3369963e-01 6.8259629e-01 1
 6.5263158e-01 2.0948617e-01 6.8983957e-01 4.3298969e-01 4.3478261e-01 4.7241379e-01 4.6202532e-01 3.0188679e-01 3.5646688e-01 2.4914676e-01 5.0406504e-01 5.8608059e-01 5.8273894e-01 1
 6.4473684e-01 2.1146245e-01 5.6149733e-01 5.1030928e-01 3.2608696e-01 5.9310345e-01 5.5696203e-01 2.4528302e-01 4.5741325e-01 3.2593857e-01 4.5528455e-01 8.0586081e-01 4.5791726e-01 1
 5.9210526e-01 1.7786561e-01 7.9144385e-01 2.5257732e-01 4.3478261e-01 5.5862069e-01 4.9367089e-01 3.9622642e-01 2.9968454e-01 2.8327645e-01 4.9593496e-01 5.5311355e-01 4.2938659e-01 1
 5.3157895e-01 1.7984190e-01 6.3636364e-01 3.8144330e-01 3.0434783e-01 5.0689655e-01 4.4092827e-01 3.0188679e-01 3.2492114e-01 2.5341297e-01 5.2032520e-01 4.5421245e-01 5.8987161e-01 1
 5.3684211e-01 1.5019763e-01 3.9572193e-01 2.5257732e-01 3.0434783e-01 4.8965517e-01 4.8523207e-01 2.8301887e-01 3.0283912e-01 2.0648464e-01 5.6910569e-01 5.2014652e-01 5.2924394e-01 1
 8.3947368e-01 6.4229249e-01 6.1497326e-01 1.3402062e-01 6.3043478e-01 6.9655172e-01 5.6962025e-01 1.3207547e-01 5.2681388e-01 3.2593857e-01 3.3333333e-01 8.2783883e-01 3.4379458e-01 1
 6.6578947e-01 1.9169960e-01 5.0802139e-01 2.8865979e-01 5.1086957e-01 7.4827586e-01 6.2236287e-01 3.9622642e-01 6.0883281e-01 4.1382253e-01 3.8211382e-01 7.7289377e-01 3.6875892e-01 1
 6.2631579e-01 6.1264822e-01 4.0641711e-01 4.2268041e-01 2.1739130e-01 5.0689655e-01 4.9367089e-01 2.6415094e-01 3.3753943e-01 2.5597270e-01 3.4959350e-01 6.3369963e-01 5.3994294e-01 1
 7.5000000e-01 2.2727273e-01 6.5775401e-01 2.2680412e-01 3.3695652e-01 7.8275862e-01 6.7932489e-01 7.5471698e-02 4.0694006e-01 3.5409556e-01 3.2520325e-01 8.3882784e-01 5.8273894e-01 1
 5.8157895e-01 6.4031621e-01 4.9732620e-01 3.5567010e-01 3.5869565e-01 5.7241379e-01 4.8312236e-01 3.5849057e-01 3.9432177e-01 2.6279863e-01 2.7642276e-01 6.3369963e-01 2.8673324e-01 1
 5.3157895e-01 2.0355731e-01 3.9572193e-01 3.2989691e-01 4.0217391e-01 6.9655172e-01 5.6118143e-01 2.8301887e-01 5.1104101e-01 3.2081911e-01 3.2520325e-01 7.6190476e-01 4.3295292e-01 1
 8.3684211e-01 6.5217391e-01 5.7754011e-01 4.2783505e-01 4.4565217e-01 6.4482759e-01 4.8734177e-01 3.2075472e-01 2.6498423e-01 3.3788396e-01 3.1707317e-01 7.5457875e-01 5.7203994e-01 1
 8.8157895e-01 5.6324111e-01 4.9197861e-01 2.7835052e-01 3.4782609e-01 7.8275862e-01 5.9704641e-01 2.6415094e-01 5.6151420e-01 3.0887372e-01 4.5528455e-01 7.9487179e-01 5.6134094e-01 1
 7.5526316e-01 1.8577075e-01 4.0641711e-01 2.7835052e-01 3.3695652e-01 7.3103448e-01 6.4345992e-01 1.5094340e-01 5.4574132e-01 4.1126280e-01 3.4959350e-01 7.5457875e-01 5.0427960e-01 1
 8.0789474e-01 2.5296443e-01 5.5614973e-01 4.2268041e-01 3.5869565e-01 6.1034483e-01 5.4430380e-01 3.5849057e-01 6.2145110e-01 4.1979522e-01 4.7967480e-01 5.4212454e-01 5.5777461e-01 1
 7.6578947e-01 1.9565217e-01 4.8663102e-01 3.5051546e-01 4.1304348e-01 6.5517241e-01 6.7510549e-01 3.5849057e-01 5.2681388e-01 6.5017065e-01 5.2032520e-01 6.7032967e-01 7.0042796e-01 1
 5.3157895e-01 1.9565217e-01 3.6363636e-01 9.2783505e-02 2.3913043e-01 6.0000000e-01 6.1814346e-01 7.5471698e-02 7.8864353e-01 5.0511945e-01 5.2032520e-01 6.0073260e-01 6.2196862e-01 1
 7.3684211e-01 1.7984190e-01 6.6310160e-01 3.4020619e-01 2.6086957e-01 5.0689655e-01 5.5907173e-01 1.6981132e-01 5.9305994e-01 3.6860068e-01 6.1788618e-01 7.6923077e-01 7.0399429e-01 1
 7.3421053e-01 1.9960474e-01 5.6684492e-01 1.7525773e-01 4.4565217e-01 1.0000000e+00 7.1729958e-01 3.5849057e-01 4.6056782e-01 4.9232082e-01 4.3089431e-01 7.2893773e-01 6.5049929e-01 1
 7.2105263e-01 2.2924901e-01 7.0588235e-01 3.3505155e-01 4.8913043e-01 6.9655172e-01 5.1687764e-01 4.9056604e-01 4.0063091e-01 4.2832765e-01 5.2845528e-01 6.0805861e-01 7.8245364e-01 1
 7.1315789e-01 1.8379447e-01 4.7593583e-01 2.9896907e-01 5.2173913e-01 5.5862069e-01 5.4008439e-01 1.5094340e-01 3.8170347e-01 3.8993174e-01 3.5772358e-01 7.0695971e-01 5.5777461e-01 1
 6.6578947e-01 1.9565217e-01 5.8823529e-01 5.1030928e-01 5.0000000e-01 6.8275862e-01 5.1476793e-01 1.3207547e-01 6.4353312e-01 4.2406143e-01 4.0650407e-01 6.4468864e-01 6.0057061e-01 1
 8.3947368e-01 1.8972332e-01 5.0267380e-01 2.9381443e-01 5.2173913e-01 7.6551724e-01 5.6118143e-01 2.4528302e-01 5.1104101e-01 4.3515358e-01 3.7398374e-01 7.4725275e-01 4.9358060e-01 1
 5.9473684e-01 2.4308300e-01 7.0588235e-01 3.1958763e-01 3.4782609e-01 6.9655172e-01 6.0970464e-01 3.3962264e-01 3.9432177e-01 4.0273038e-01 4.7967480e-01 5.7509158e-01 7.0756063e-01 1
 7.0789474e-01 1.3636364e-01 6.0962567e-01 3.1443299e-01 4.1304348e-01 8.3448276e-01 7.0253165e-01 1.1320755e-01 5.1419558e-01 4.7098976e-01 3.3333333e-01 5.8608059e-01 7.1825963e-01 1
 3.5263158e-01 3.9525692e-02 0.0000000e+00 0.0000000e+00 1.9565217e-01 3.4482759e-01 4.8523207e-02 2.8301887e-01 3.1545741e-03 5.7167235e-02 4.6341463e-01 2.0146520e-01 1.7261056e-01 2
 3.4210526e-01 7.1146245e-02 4.9197861e-01 2.7835052e-01 3.3695652e-01 3.6896552e-01 1.5822785e-01 9.4339623e-01 0.0000000e+00 1.6979522e-01 6.2601626e-01 1.4652015e-01 2.8673324e-01 2
 4.2368421e-01 1.2252964e-01 3.5294118e-01 3.1958763e-01 3.2608696e-01 3.5862069e-01 2.2573840e-01 7.5471698e-01 6.6246057e-02 3.8139932e-01 4.0650407e-01 1.1721612e-01 1.2268188e-01 2
 6.9473684e-01 1.0079051e-01 2.9946524e-01 3.8144330e-01 2.6086957e-01 3.8620690e-01 3.0590717e-01 3.5849057e-01 1.0094637e-01 2.1501706e-01 6.0975610e-01 4.3589744e-01 2.5106990e-01 2
 3.5263158e-01 7.7075099e-02 4.2780749e-01 4.3298969e-01 1.8478261e-01 8.6896552e-01 5.8227848e-01 1.1320755e-01 4.6056782e-01 2.7047782e-01 6.0162602e-01 5.8608059e-01 1.0128388e-01 2
 3.0000000e-01 1.4031621e-01 6.2566845e-01 4.3298969e-01 3.6956522e-01 3.1379310e-01 2.9746835e-01 6.0377358e-01 1.9558360e-01 1.4249147e-01 7.8861789e-01 3.5164835e-01 5.4921541e-02 2
 3.5263158e-01 9.2885375e-02 6.4171123e-01 3.8659794e-01 3.0434783e-01 4.9655172e-01 4.8734177e-01 4.5283019e-01 5.2681388e-01 2.8327645e-01 5.7723577e-01 3.7728938e-01 2.8530670e-01 2
 5.4736842e-01 5.3359684e-02 1.8181818e-01 2.2680412e-01 8.6956522e-02 6.8965517e-01 5.9915612e-01 2.4528302e-01 5.8990536e-01 3.4300341e-01 5.2032520e-01 6.9963370e-01 1.5977175e-01 2
 3.5263158e-01 8.4980237e-02 2.9946524e-01 4.6391753e-01 8.6956522e-02 3.8965517e-01 3.5021097e-01 2.6415094e-01 1.9873817e-01 2.9010239e-01 5.2032520e-01 8.0952381e-01 1.6547789e-01 2
 6.0789474e-01 3.9525692e-02 5.3475936e-01 3.2989691e-01 4.3478261e-01 5.3448276e-01 2.0253165e-01 7.9245283e-01 3.1545741e-03 1.6126280e-01 4.3902439e-01 2.4175824e-01 3.3666191e-01 2
 3.1052632e-01 8.8932806e-02 2.0855615e-01 3.1958763e-01 8.8043478e-01 3.0000000e-01 1.9831224e-01 1.8867925e-02 6.5930599e-01 1.3395904e-01 6.5040650e-01 6.5934066e-01 3.1383738e-01 2
 3.3157895e-01 1.7193676e-01 4.5454545e-01 5.0515464e-01 3.5869565e-01 4.1379310e-02 1.4345992e-01 4.5283019e-01 3.3123028e-01 1.5102389e-01 3.4634146e-01 2.0146520e-01 4.2225392e-01 2
 7.4473684e-01 1.5217391e-01 7.0053476e-01 7.4226804e-01 1.7391304e-01 6.7931034e-01 5.3164557e-01 1.5094340e-01 4.6056782e-01 1.7918089e-01 7.1544715e-01 6.9230769e-01 9.4151213e-02 2
 6.4736842e-01 1.8181818e-01 4.7058824e-01 6.9072165e-01 1.8478261e-01 3.1034483e-01 3.1645570e-01 2.6415094e-01 1.9558360e-01 2.0989761e-01 4.0650407e-01 5.5311355e-01 1.3837375e-01 2
 5.1578947e-01 1.8379447e-01 6.6310160e-01 1.0000000e+00 7.5000000e-01 8.0000000e-01 5.3797468e-01 1.5094340e-01 4.8895899e-01 1.7662116e-01 6.7479675e-01 8.1684982e-01 5.0427960e-01 2
 2.4473684e-01 6.9169960e-02 5.0267380e-01 5.3608247e-01 3.3695652e-01 8.2758621e-01 3.7974684e-01 0.0000000e+00 3.9116719e-01 1.6467577e-01 4.1463415e-01 6.8131868e-01 4.3366619e-01 2
 1.6578947e-01 2.2529644e-01 2.9946524e-01 2.7835052e-01 2.9347826e-01 2.1724138e-01 2.5949367e-01 3.9622642e-01 2.3343849e-01 2.1501706e-01 6.0975610e-01 3.1868132e-01 1.0699001e-01 2
 5.2631579e-01 3.1620553e-02 1.8716578e-01 2.7835052e-01 1.7391304e-01 3.3448276e-01 3.5654008e-01 2.0754717e-01 3.3123028e-01 2.8327645e-01 5.7723577e-01 4.4322344e-01 8.1312411e-02 2
 2.1315789e-01 4.2490119e-01 4.6524064e-01 3.8144330e-01 4.5652174e-01 2.5517241e-01 2.0675105e-01 5.6603774e-01 1.7034700e-01 1.1689420e-01 3.9024390e-01 4.5787546e-01 1.5834522e-01 2
 3.4210526e-01 4.9407115e-02 3.1550802e-01 2.1649485e-01 7.1739130e-01 3.1724138e-01 3.1856540e-01 4.1509434e-01 7.4132492e-01 1.8088737e-01 4.7154472e-01 3.8095238e-01 3.3666191e-01 2
 4.3947368e-01 6.1857708e-01 5.5614973e-01 6.3917526e-01 3.3695652e-01 6.3793103e-01 4.6624473e-01 5.6603774e-01 4.8580442e-01 1.1006826e-01 5.7723577e-01 6.8131868e-01 1.3195435e-01 2
 2.5526316e-01 3.5573123e-02 3.4224599e-01 4.3298969e-01 1.7391304e-01 4.9655172e-01 4.0506329e-01 3.2075472e-01 3.2176656e-01 1.0409556e-01 7.3170732e-01 6.7765568e-01 0.0000000e+00 2
 4.4473684e-01 2.1146245e-01 4.4919786e-01 4.2268041e-01 1.7391304e-01 4.2068966e-01 4.6202532e-01 2.4528302e-01 4.2902208e-01 2.2354949e-01 5.5284553e-01 6.8498168e-01 3.1098431e-01 2
 2.7631579e-01 7.7075099e-02 6.1497326e-01 6.9072165e-01 8.6956522e-02 3.5172414e-01 2.6160338e-01 5.0943396e-01 3.1230284e-01 7.8498294e-02 6.7479675e-01 5.3113553e-01 2.5106990e-01 2
 5.3157895e-01 6.1660079e-01 5.1336898e-01 6.1340206e-01 1.6304348e-01 2.3103448e-01 2.6371308e-01 9.0566038e-01 3.8170347e-01 3.0034130e-01 2.9268293e-01 2.7106227e-01 1.6904422e-01 2
 2.1315789e-01 2.9644269e-02 6.5240642e-01 3.8144330e-01 2.6086957e-01 4.2068966e-01 3.9451477e-01 1.6981132e-01 6.1198738e-01 1.5102389e-01 2.5203252e-01 6.6300366e-01 1.7261056e-01 2
 4.3157895e-01 4.7430830e-02 4.7058824e-01 3.8144330e-01 3.1521739e-01 4.2068966e-01 3.3755274e-01 3.2075472e-01 3.3123028e-01 1.1433447e-01 6.0975610e-01 6.9230769e-01 1.2268188e-01 2
 2.9736842e-01 1.7193676e-01 5.0802139e-01 6.2886598e-01 2.1739130e-01 2.7586207e-01 2.8481013e-01 5.6603774e-01 3.6277603e-01 9.9829352e-02 6.9105691e-01 3.6263736e-01 1.5477889e-01 2
 1.6315789e-01 1.8379447e-01 6.7379679e-01 7.9381443e-01 1.9565217e-01 3.2413793e-01 2.6793249e-01 5.0943396e-01 2.9337539e-01 1.1262799e-01 7.1544715e-01 7.1062271e-01 2.0256776e-01 2
 1.6052632e-01 2.6086957e-01 5.8823529e-01 5.6701031e-01 1.5217391e-01 3.3448276e-01 2.8481013e-01 6.6037736e-01 2.9652997e-01 1.2969283e-01 4.2276423e-01 5.4212454e-01 2.8673324e-01 2
 2.7631579e-01 1.1660079e-01 5.0267380e-01 6.7010309e-01 0.0000000e+00 4.2068966e-01 2.6371308e-01 5.4716981e-01 3.0599369e-01 3.9249147e-02 4.7967480e-01 7.1062271e-01 2.4750357e-01 2
 2.7631579e-01 2.1541502e-01 5.1336898e-01 4.0721649e-01 1.1956522e-01 2.1379310e-01 2.4472574e-01 7.3584906e-01 3.8801262e-01 9.5563140e-02 4.8780488e-01 3.6630037e-01 1.4407989e-01 2
 2.5526316e-01 1.5217391e-01 5.6684492e-01 5.8762887e-01 1.7391304e-01 1.6206897e-01 1.9198312e-01 6.9811321e-01 3.8485804e-01 1.9795222e-01 4.6341463e-01 5.0549451e-01 1.2268188e-01 2
 4.3684211e-01 1.5612648e-01 4.8128342e-01 5.2061856e-01 1.0869565e-01 1.3793103e-01 2.3628692e-01 8.4905660e-01 3.8170347e-01 1.5102389e-01 3.9024390e-01 2.8937729e-01 1.5477889e-01 2
 3.3157895e-01 4.1304348e-01 4.5989305e-01 3.8144330e-01 1.9565217e-01 5.0689655e-01 4.0295359e-01 2.2641509e-01 4.9842271e-01 7.4232082e-02 5.4471545e-01 7.4358974e-01 8.5592011e-03 2
 1.5526316e-01 2.4703557e-01 4.9197861e-01 3.8144330e-01 3.0434783e-01 7.0344828e-01 4.0506329e-01 7.5471698e-02 2.9652997e-01 1.6808874e-01 5.5284553e-01 6.1904762e-01 4.7788873e-02 2
 3.7894737e-01 1.5415020e-01 4.4919786e-01 4.3298969e-01 1.0000000e+00 5.2413793e-01 4.0717300e-01 3.5849057e-01 9.0536278e-01 1.1262799e-01 5.5284553e-01 4.9816850e-01 4.7004280e-01 2
 2.0526316e-01 2.7272727e-01 7.3796791e-01 5.6185567e-01 6.9565217e-01 2.1379310e-01 1.3713080e-01 1.8867925e-02 3.6277603e-01 1.0409556e-01 3.8211382e-01 3.6263736e-01 2.4750357e-01 2
 3.3157895e-01 1.3241107e-01 3.3155080e-01 2.7835052e-01 1.6304348e-01 5.4137931e-01 4.5569620e-01 3.0188679e-01 4.2902208e-01 1.3822526e-01 6.0975610e-01 5.3846154e-01 1.0699001e-01 2
 3.5263158e-01 6.5217391e-02 3.9572193e-01 4.0721649e-01 1.9565217e-01 8.7586207e-01 7.1940928e-01 2.0754717e-01 4.8580442e-01 2.7474403e-01 4.5528455e-01 5.4945055e-01 2.7246790e-01 2
 3.3157895e-01 4.8023715e-01 4.5454545e-01 3.8144330e-01 1.9565217e-01 6.4482759e-01 5.5907173e-01 6.0377358e-01 7.5709779e-01 8.7030717e-02 7.6422764e-01 5.7142857e-01 9.1298146e-02 2
 2.7631579e-01 2.6482213e-01 1.8181818e-01 3.5567010e-01 2.9347826e-01 4.3103448e-01 3.8607595e-01 2.4528302e-01 3.1230284e-01 1.7235495e-01 6.4227642e-01 6.1904762e-01 3.0813124e-01 2
 4.1315789e-01 1.1857708e-01 2.8877005e-01 4.0721649e-01 1.9565217e-01 1.6206897e-01 2.1518987e-01 3.0188679e-01 2.9652997e-01 9.9829352e-02 4.5528455e-01 5.4945055e-01 2.0256776e-01 2
 3.4473684e-01 3.3794466e-01 5.8823529e-01 5.3608247e-01 3.0434783e-01 5.4482759e-01 3.7341772e-01 3.9622642e-01 2.8391167e-01 1.2969283e-01 2.6016260e-01 7.7289377e-01 1.1412268e-01 2
 2.0789474e-01 1.9367589e-01 2.7807487e-01 4.5876289e-01 1.7391304e-01 5.2413793e-01 2.7426160e-01 4.5283019e-01 3.1861199e-01 6.6552901e-02 3.7398374e-01 4.2857143e-01 9.7717546e-02 2
 3.8947368e-01 1.9565217e-01 3.3155080e-01 5.1030928e-01 1.6304348e-01 4.2068966e-01 3.3333333e-01 3.5849057e-01 3.3753943e-01 1.4163823e-01 4.5528455e-01 8.4249084e-01 2.8102710e-01 2
 3.6578947e-01 3.5770751e-01 4.8663102e-01 5.8762887e-01 2.1739130e-01 2.4137931e-01 3.1645570e-01 1.0000000e+00 3.1861199e-01 1.2116041e-01 3.0894309e-01 7.4358974e-01 2.6390870e-02 2
 3.2105263e-01 1.9565217e-01 4.0641711e-01 4.3298969e-01 1.0869565e-01 2.3103448e-01 3.5654008e-01 4.5283019e-01 3.8485804e-01 1.8088737e-01 4.2276423e-01 6.9597070e-01 1.6547789e-01 2
 4.4473684e-01 1.9960474e-01 4.9197861e-01 6.1340206e-01 1.5217391e-01 1.3793103e-01 2.9957806e-01 6.6037736e-01 3.8485804e-01 1.7235495e-01 3.2520325e-01 4.2124542e-01 1.4978602e-01 2
 3.1315789e-01 1.0869565e-01 3.1016043e-01 4.3298969e-01 2.3913043e-01 4.7586207e-01 3.5864979e-01 4.9056604e-01 5.2681388e-01 1.2116041e-01 3.0894309e-01 6.4102564e-01 2.4251070e-02 2
 1.5263158e-01 1.2055336e-01 7.1657754e-01 4.8453608e-01 2.6086957e-01 6.0689655e-01 5.4430380e-01 3.0188679e-01 6.5615142e-01 1.1689420e-01 3.9024390e-01 7.2893773e-01 2.8673324e-01 2
 1.1315789e-01 5.9288538e-01 2.4598930e-01 4.5876289e-01 4.0217391e-01 7.5862069e-01 4.7257384e-01 2.0754717e-01 1.0000000e+00 1.3822526e-01 2.1951220e-01 5.6410256e-01 2.0256776e-01 2
 3.9210526e-01 3.3399209e-01 4.3315508e-01 5.3608247e-01 1.9565217e-01 5.4137931e-01 4.0717300e-01 2.4528302e-01 2.5552050e-01 6.1433447e-02 3.4146341e-01 5.5311355e-01 3.3523538e-02 2
 1.9210526e-01 3.8339921e-01 8.3422460e-01 4.8453608e-01 3.5869565e-01 2.6551724e-01 3.5654008e-01 8.8679245e-01 2.0189274e-01 2.1501706e-01 6.0975610e-01 4.5054945e-01 2.3466476e-01 2
 1.0000000e-01 0.0000000e+00 6.0962567e-01 5.3608247e-01 1.9565217e-01 5.1724138e-01 3.5232068e-01 5.4716981e-01 3.2492114e-01 1.5358362e-01 5.0406504e-01 3.8095238e-01 1.1126961e-01 2
 2.7631579e-01 1.2845850e-01 6.0962567e-01 6.1340206e-01 1.5217391e-01 5.4482759e-01 4.1139241e-01 5.6603774e-01 1.9873817e-01 1.3822526e-01 3.6585366e-01 7.0329670e-01 7.6319544e-02 2
 0.0000000e+00 1.5217391e-01 4.4919786e-01 5.6185567e-01 1.6304348e-01 5.1034483e-01 3.8607595e-01 7.3584906e-01 5.0473186e-01 5.2901024e-02 1.0000000e+00 5.8608059e-01 9.2011412e-02 2
 2.0789474e-01 1.4426877e-01 3.3689840e-01 5.2577320e-01 1.7391304e-01 3.4482759e-01 2.6582278e-01 3.2075472e-01 3.5331230e-01 5.7167235e-02 3.8211382e-01 7.5457875e-01 1.5477889e-01 2
 3.6578947e-01 1.7193676e-01 4.4385027e-01 6.1340206e-01 4.1304348e-01 3.5172414e-01 3.6919831e-01 3.9622642e-01 3.7854890e-01 6.6552901e-02 4.7154472e-01 6.1904762e-01 4.7788873e-02 2
 4.5789474e-01 5.3162055e-01 3.3155080e-01 2.7835052e-01 1.0869565e-01 2.2413793e-01 1.9198312e-01 5.6603774e-01 1.3249211e-01 1.8088737e-01 1.7886179e-01 3.1135531e-01 6.7047076e-02 2
 2.5526316e-01 5.3162055e-01 3.4224599e-01 4.3298969e-01 1.8478261e-01 3.5172414e-01 2.7426160e-01 4.5283019e-01 4.6056782e-01 0.0000000e+00 3.6585366e-01 6.5201465e-01 2.0399429e-01 2
 1.1052632e-01 3.2806324e-01 5.6684492e-01 4.8453608e-01 2.8260870e-01 6.6206897e-01 5.1687764e-01 3.5849057e-01 4.4794953e-01 1.6808874e-01 2.6016260e-01 7.7655678e-01 2.4750357e-01 2
 1.3947368e-01 2.5889328e-01 1.0000000e+00 9.2268041e-01 5.3260870e-01 7.5862069e-01 1.0000000e+00 6.4150943e-01 4.6056782e-01 4.0273038e-01 3.6585366e-01 8.8644689e-01 1.3338088e-01 2
 3.6578947e-01 7.2924901e-01 7.3262032e-01 8.1958763e-01 3.4782609e-01 4.2068966e-01 3.7763713e-01 5.6603774e-01 4.1009464e-01 6.8259386e-02 3.5772358e-01 6.7765568e-01 6.2054208e-02 2
 5.3157895e-01 1.0000000e+00 4.1176471e-01 5.6185567e-01 1.7391304e-01 5.6551724e-01 4.8734177e-01 3.2075472e-01 5.0473186e-01 1.1262799e-01 2.0325203e-01 6.7032967e-01 7.2753210e-02 2
 2.2105263e-01 7.0553360e-01 5.5080214e-01 5.3608247e-01 1.3043478e-01 6.4827586e-01 5.6751055e-01 1.5094340e-01 7.8864353e-01 1.2969283e-01 2.1951220e-01 8.6813187e-01 7.2753210e-02 2
 2.7368421e-01 2.8063241e-01 4.3315508e-01 5.3608247e-01 1.6304348e-01 5.5862069e-01 4.8734177e-01 4.5283019e-01 2.9652997e-01 1.2627986e-01 3.0894309e-01 7.3626374e-01 7.1326676e-02 2
 3.6842105e-01 1.5612648e-01 4.9732620e-01 5.6185567e-01 1.7391304e-01 6.0689655e-01 5.9282700e-01 4.9056604e-01 4.2902208e-01 2.2696246e-01 1.7073171e-01 5.7509158e-01 5.2781740e-02 2
 2.0000000e-01 2.7470356e-01 7.5935829e-01 9.2268041e-01 2.3913043e-01 3.9655172e-01 4.0084388e-01 8.4905660e-01 4.2586751e-01 1.4675768e-01 3.9837398e-01 4.2857143e-01 1.3409415e-01 2
 3.5263158e-01 1.7588933e-01 5.0267380e-01 7.1649485e-01 1.9565217e-01 4.2758621e-01 4.4514768e-01 5.0943396e-01 4.7003155e-01 7.1672355e-02 3.3333333e-01 5.5311355e-01 4.5649073e-02 2
 2.6578947e-01 7.0355731e-01 5.4545455e-01 5.8762887e-01 1.0869565e-01 3.8620690e-01 2.9746835e-01 5.4716981e-01 2.9652997e-01 1.1262799e-01 2.5203252e-01 4.7619048e-01 2.1540656e-01 2
 4.8157895e-01 1.2055336e-01 5.1336898e-01 3.8144330e-01 5.6521739e-01 1.8275862e-01 1.9198312e-01 1.5094340e-01 1.6719243e-01 2.4061433e-01 2.2764228e-01 7.3260073e-03 2.5106990e-01 3
 4.8684211e-01 4.4466403e-01 5.5614973e-01 4.8453608e-01 3.6956522e-01 1.1034483e-01 1.8565401e-01 2.0754717e-01 1.3249211e-01 3.5153584e-01 2.1138211e-01 5.4945055e-02 1.7974322e-01 3
 4.6842105e-01 3.1027668e-01 5.5614973e-01 6.9072165e-01 3.0434783e-01 5.8620690e-02 1.5822785e-01 2.6415094e-01 1.3249211e-01 3.7713311e-01 1.4634146e-01 3.2967033e-02 2.0114123e-01 3
 4.3947368e-01 5.5533597e-01 5.3475936e-01 5.6185567e-01 3.9130435e-01 2.4827586e-01 1.8143460e-01 7.5471698e-02 1.3564669e-01 3.1740614e-01 2.4390244e-01 7.3260073e-03 2.2967190e-01 3
 3.8947368e-01 9.8814229e-02 4.7593583e-01 3.5567010e-01 1.6304348e-01 3.5172414e-01 5.0632911e-02 8.8679245e-01 2.6498423e-01 3.5580205e-01 2.1951220e-01 8.7912088e-02 2.6533524e-01 3
 4.1315789e-01 3.3992095e-01 4.4919786e-01 4.0721649e-01 2.6086957e-01 2.2068966e-01 6.7510549e-02 9.4339623e-01 1.6719243e-01 4.9658703e-01 2.0325203e-01 1.1355311e-01 2.9743224e-01 3
 3.2105263e-01 7.8656126e-01 6.3101604e-01 5.3608247e-01 2.0652174e-01 1.3793103e-01 2.7426160e-02 7.5471698e-01 1.2302839e-01 2.1928328e-01 2.1951220e-01 0.0000000e+00 3.1526391e-01 3
 3.9473684e-01 9.4268775e-01 6.8449198e-01 7.4226804e-01 2.8260870e-01 2.7931034e-01 5.4852321e-02 9.4339623e-01 2.1766562e-01 3.1740614e-01 2.7642276e-01 1.5384615e-01 1.6904422e-01 3
 6.4736842e-01 5.6324111e-01 4.4385027e-01 4.5876289e-01 1.9565217e-01 2.2068966e-01 2.9535865e-02 8.4905660e-01 1.4826498e-01 3.7713311e-01 2.6829268e-01 2.0146520e-01 2.1540656e-01 3
 4.7631579e-01 4.3873518e-01 6.6844920e-01 6.9072165e-01 3.3695652e-01 4.6206897e-01 5.4852321e-02 7.5471698e-01 1.2618297e-01 3.1058020e-01 3.3333333e-01 3.2234432e-01 2.2253923e-01 3
 5.0000000e-01 4.0909091e-01 7.1657754e-01 5.3608247e-01 2.8260870e-01 1.9310345e-01 3.3755274e-02 7.5471698e-01 1.0725552e-01 2.8327645e-01 2.3577236e-01 3.8095238e-01 2.2967190e-01 3
 6.1315789e-01 3.5968379e-01 5.2941176e-01 4.8453608e-01 2.0652174e-01 1.4482759e-01 3.3755274e-02 4.5283019e-01 7.2555205e-02 3.6860068e-01 1.7886179e-01 4.3956044e-01 3.5805991e-01 3
 6.5526316e-01 4.8023715e-01 7.2727273e-01 6.6494845e-01 2.9347826e-01 1.9655172e-01 3.7974684e-02 6.9811321e-01 4.4164038e-02 2.6194539e-01 3.3333333e-01 2.8937729e-01 1.7261056e-01 3
 6.8157895e-01 8.3201581e-01 5.2941176e-01 4.8453608e-01 2.3913043e-01 3.5172414e-01 9.7046414e-02 6.4150943e-01 1.9242902e-01 2.6621160e-01 3.4959350e-01 2.8571429e-01 1.9400856e-01 3
 3.2105263e-01 6.2055336e-01 4.4919786e-01 4.0721649e-01 4.5652174e-01 1.3793103e-01 9.2827004e-02 3.0188679e-01 2.3028391e-01 5.9129693e-01 1.3821138e-01 2.6739927e-01 4.1155492e-01 3
 5.6052632e-01 5.5928854e-01 4.2245989e-01 5.3608247e-01 3.4782609e-01 1.7931034e-01 4.4303797e-02 5.6603774e-01 2.8075710e-01 2.3208191e-01 9.7560976e-02 1.5018315e-01 3.9372325e-01 3
 7.5000000e-01 8.4980237e-01 4.6524064e-01 4.8453608e-01 1.0869565e-01 0.0000000e+00 0.0000000e+00 5.0943396e-01 8.5173502e-02 3.0887372e-01 8.1300813e-02 2.1978022e-02 9.7717546e-02 3
 4.8421053e-01 7.6482213e-01 5.9893048e-01 5.6185567e-01 1.7391304e-01 2.4827586e-01 6.5400844e-02 6.4150943e-01 1.4195584e-01 5.4351536e-01 4.8780488e-02 2.1611722e-01 2.4750357e-01 3
 6.0263158e-01 4.9407115e-01 5.4545455e-01 5.6185567e-01 2.3913043e-01 3.2758621e-01 8.8607595e-02 6.0377358e-01 2.6498423e-01 6.0921502e-01 5.6910569e-02 1.2820513e-01 2.6533524e-01 3
 5.3947368e-01 6.2450593e-01 5.3475936e-01 5.6185567e-01 4.6739130e-01 1.4827586e-01 2.2151899e-01 3.9622642e-01 2.3028391e-01 6.9283276e-01 7.3170732e-02 2.1978022e-02 1.9400856e-01 3
 6.5000000e-01 4.7035573e-01 6.7379679e-01 6.9072165e-01 5.7608696e-01 1.4482759e-01 2.5949367e-01 1.6981132e-01 2.6498423e-01 6.2457338e-01 8.9430894e-02 1.0989011e-02 1.5834522e-01 3
 4.6315789e-01 3.8142292e-01 5.9893048e-01 5.8762887e-01 4.5652174e-01 1.7241379e-01 2.1518987e-01 2.0754717e-01 2.6813880e-01 8.1228669e-01 0.0000000e+00 7.3260073e-02 1.4407989e-01 3
 5.4736842e-01 2.2924901e-01 7.4331551e-01 7.6804124e-01 5.0000000e-01 4.2068966e-01 1.9831224e-01 2.4528302e-01 3.6277603e-01 4.9658703e-01 1.0569106e-01 2.1978022e-02 1.0485021e-01 3
 5.7894737e-01 5.0592885e-01 4.9197861e-01 4.0721649e-01 3.0434783e-01 2.8275862e-01 1.0337553e-01 9.0566038e-01 4.6056782e-01 7.8839590e-01 6.5040650e-02 8.7912088e-02 2.8316690e-01 3
 4.0789474e-01 1.0869565e-01 3.9572193e-01 4.8453608e-01 3.5869565e-01 1.7241379e-01 5.0632911e-02 7.5471698e-01 3.1230284e-01 5.3924915e-01 8.1300813e-02 1.0256410e-01 2.5820257e-01 3
 5.6315789e-01 8.7944664e-01 5.1336898e-01 5.8762887e-01 2.5000000e-01 2.6206897e-01 6.1181435e-02 9.0566038e-01 3.5962145e-01 5.6484642e-01 9.7560976e-02 7.6923077e-02 3.1883024e-01 3
 7.3947368e-01 6.6798419e-01 5.4545455e-01 4.5876289e-01 2.0652174e-01 2.8275862e-01 1.0337553e-01 6.6037736e-01 3.6277603e-01 6.5955631e-01 7.3170732e-02 1.3553114e-01 1.4407989e-01 3
 3.7368421e-01 4.5256917e-01 6.8449198e-01 8.4536082e-01 2.9347826e-01 3.1724138e-01 5.0632911e-02 9.4339623e-01 2.3028391e-01 5.3071672e-01 1.5447154e-01 1.6849817e-01 4.2938659e-01 3
 8.7105263e-01 1.8577075e-01 7.1657754e-01 7.4226804e-01 3.0434783e-01 6.2758621e-01 2.0464135e-01 7.5471698e-01 7.2239748e-01 1.0000000e+00 7.3170732e-02 2.5274725e-01 2.7246790e-01 3
 6.4473684e-01 1.8379447e-01 6.8449198e-01 6.1340206e-01 2.0652174e-01 5.5862069e-01 1.6033755e-01 7.3584906e-01 5.9305994e-01 8.9334471e-01 7.3170732e-02 1.8681319e-01 2.4393723e-01 3
 3.5000000e-01 6.1067194e-01 5.4545455e-01 5.3608247e-01 1.9565217e-01 4.5517241e-01 1.2236287e-01 6.9811321e-01 1.9873817e-01 5.4351536e-01 6.5040650e-02 1.1355311e-01 1.7261056e-01 3
 7.0000000e-01 4.9802372e-01 6.3101604e-01 4.8453608e-01 4.0217391e-01 2.9310345e-01 4.6413502e-02 6.9811321e-01 1.2302839e-01 3.9249147e-01 3.9024390e-01 2.0146520e-01 2.8673324e-01 3
 4.7894737e-01 5.0000000e-01 6.5240642e-01 5.8762887e-01 3.9130435e-01 2.3103448e-01 5.4852321e-02 8.8679245e-01 1.7350158e-01 3.6689420e-01 3.1707317e-01 3.0769231e-01 2.0827389e-01 3
 5.0789474e-01 5.3557312e-01 5.2941176e-01 4.0721649e-01 3.9130435e-01 1.4137931e-01 7.5949367e-02 5.0943396e-01 1.6719243e-01 3.4129693e-01 1.6260163e-01 1.7582418e-01 2.8316690e-01 3
 7.2368421e-01 3.9920949e-01 5.0267380e-01 5.8762887e-01 2.1739130e-01 1.2758621e-01 7.1729958e-02 5.2830189e-01 1.9558360e-01 7.0819113e-01 1.7886179e-01 1.5018315e-01 2.4037090e-01 3
 7.1052632e-01 7.1541502e-01 4.8128342e-01 6.1340206e-01 1.9565217e-01 1.0344828e-01 2.7426160e-02 7.3584906e-01 2.3343849e-01 4.5563140e-01 2.4390244e-01 1.7582418e-01 1.7261056e-01 3
 6.3684211e-01 5.8498024e-01 6.6310160e-01 6.3917526e-01 4.4565217e-01 2.4827586e-01 1.2236287e-01 5.6603774e-01 3.3123028e-01 8.0204778e-01 3.0081301e-01 1.0622711e-01 2.9743224e-01 3
 4.7105263e-01 5.1976285e-01 5.0267380e-01 4.5876289e-01 1.9565217e-01 1.7241379e-01 6.7510549e-02 5.0943396e-01 1.7665615e-01 7.6621160e-01 1.9512195e-01 1.7582418e-01 2.9029957e-01 3
 6.7105263e-01 3.6363636e-01 7.1122995e-01 7.1649485e-01 3.8043478e-01 1.9655172e-01 1.0548523e-01 4.9056604e-01 3.5646688e-01 6.2969283e-01 2.1138211e-01 1.9413919e-01 3.3666191e-01 3
 6.2368421e-01 7.6284585e-01 8.0213904e-01 7.4226804e-01 4.5652174e-01 3.4482759e-01 1.3080169e-01 2.6415094e-01 2.2082019e-01 6.1604096e-01 1.5447154e-01 2.3809524e-01 2.5106990e-01 3
 3.0789474e-01 4.5256917e-01 5.1336898e-01 4.3298969e-01 2.8260870e-01 9.3103448e-02 3.1645570e-02 5.0943396e-01 1.0094637e-01 3.6006826e-01 1.4634146e-01 2.0512821e-01 1.6547789e-01 3
 4.5789474e-01 3.2608696e-01 4.9197861e-01 4.5876289e-01 1.7391304e-01 1.4137931e-01 3.5864979e-02 6.6037736e-01 7.2555205e-02 7.3549480e-01 7.3170732e-02 1.3186813e-01 1.3694722e-01 3
 8.2368421e-01 3.4980237e-01 5.9893048e-01 4.8453608e-01 2.2826087e-01 2.4137931e-01 7.5949367e-02 5.8490566e-01 2.6182965e-01 7.1843003e-01 1.1382114e-01 1.6117216e-01 2.7246790e-01 3
 7.0526316e-01 9.7035573e-01 5.8288770e-01 5.1030928e-01 2.7173913e-01 2.4137931e-01 5.6962025e-02 7.3584906e-01 2.0504732e-01 5.4778157e-01 1.3008130e-01 1.7216117e-01 3.2952924e-01 3
 6.2368421e-01 6.2648221e-01 5.9893048e-01 6.3917526e-01 3.4782609e-01 2.8275862e-01 8.6497890e-02 5.6603774e-01 3.1545741e-01 5.1365188e-01 1.7886179e-01 1.0622711e-01 3.3666191e-01 3
 5.8947368e-01 6.9960474e-01 4.8128342e-01 4.8453608e-01 5.4347826e-01 2.1034483e-01 7.3839662e-02 5.6603774e-01 2.9652997e-01 7.6109215e-01 8.9430894e-02 1.0622711e-01 3.9728959e-01 3
 5.6315789e-01 3.6561265e-01 5.4010695e-01 4.8453608e-01 5.4347826e-01 2.3103448e-01 7.1729958e-02 7.5471698e-01 3.3123028e-01 6.8430034e-01 9.7560976e-02 1.2820513e-01 4.0085592e-01 3
 8.1578947e-01 6.6403162e-01 7.3796791e-01 7.1649485e-01 2.8260870e-01 3.6896552e-01 8.8607595e-02 8.1132075e-01 2.9652997e-01 6.7576792e-01 1.0569106e-01 1.2087912e-01 2.0114123e-01 3